11111311 1888011111

11 o. 111. remei 11 quadranter, 1. uit.
Ι centies duodeotee 1111111111.

1111111 132, 4.
incedit 117, 11.
111111111124, 7.
inoendio 217, 6.
11111111 118, 8.
incesserent 100, 1.
111111210, 7.
inoiqie 1221&ss 111111111133,2.
1111111 , .
incommodi 177, 6.
incondito 180, 7.
11111111111113, 11.
1111111111111 filine 164, 4. .
incrustator 226, 3.
inde 100, 3. 111, 8. 224, 1.
11111111120,7. 1111111142,1.211,2.
11111111 138, 9.
inertem 182, 8.
infandum 121, 0.
intentiorem 182, 6.
1111111111 113, iu
infelix 200, 3.
infernin 162, 8. ,
11111111222, 6.
1111111116, 0.
11161166, 1. 1111111238, 8.
inguinum 106, 2.
111111111111 101, 4.
inibi 100, 6. 141, 1.
inimicum 200, 4.
111111 141, 1.
111111100, 6.
1111111110, 1.
”inmittere 100, 4.
innixae 280, 1.
1111311111ἱὲοἓ 7. innocenii 117, 0.
111 11 , . ,
1111111111111 212, 0.
inoffensum 166, 0.
11111111111111238, 7.
inprouieo 131, o.
inquom 122, o. inquit 126, 8. 181,

1. 101,1. 218,1. 220, 3. 240, 12.
inquilinae 216, 2.
111111111180, 1.
inritans 210, 8.
11111111 136. 1.
11111111 131, 7.

1111111 118, 1. inueni 110, 1. in·

11111 128, 5. 120, 4. ’
1111111111111 134, 6.
1111111 147, 10.
iueoribi 126, 4.
insignitue 137, 8.
1111111111 113, 0.

M

instinctum 134, 7.
111611111111217,1011111111111273.
111111172, 8.

11111111 108, 6.

(insum) 111111 170, 6.

integris 188, 6.

intellego 130, 8. intellegeret 1813.

. intellegentium 101, 7.

nmmumumu
1111111122, 1.
1111111111223, 6.

, 11111111 171, 8. interesset 106,1.

111111111111173, 2.
intestini 166, 10.

intimo 161, 8.

intonen 136, 1.

1111111811.

iutro 110, 1. 201, 43 6.

intrarunt 138, 6.

intro 130, 3.

introit 236, 1. introeunt 204, 1.
introeat 204, u. introibit 170, 6.

11111114,1. ’

¹ inuenti 141, 2. ·

inueniunt 117, 4. inuenerunt 123.
2. 111111111111, 6. inuentum
136, 6.

Inuictus 1111111111 00, 1.

inuidiam 107, 1.

inuidum 186, 7.

inuitati 121, 4. inuitato 230, 1.
inuitari 210, 6.

inuooo 148, 6. 1111111111 148, ti.

inuoluorum 170, 6.

11111111217, 6.

'Invenio 181, 8.

111111111111111111 112, 71 cf. 113,
23 4.

111108, 7.

1111111111 1111111111 230, 111 18.

ipee 129, 2. 148, 6. 170, 8. 182, 6.
104, 7. 120, 8. ipen 180, 6,
ipeurn 100, 6. 176,11. 210, 4.
ipei 124, 4. 11111107, 6. ipeie
100, 3. iproe 124, 0.

11111 180, 1.

irrumpit 107, 2.

11 [121, 3]. 11310. 183, 6. 218, 8.
236. 1. 11 116, 1. 176, 1; 8
(177, t). 221, 6. 231, 6. id 143.
6. 168, 1. 171, 22. 177, 2. 181, 2.
100, 1103, 1100, 4. 1111120,
7. 180, 6. 181, 1. 104, 7. 204, 1.

106, 4. 1111110,0.180,10. ,

201, 1. 200, 4. 223, 1. 116,1.
1111112, 4. 136, 4. 180, 1. 106,
6. 11 111, 3. 116,1. 168, 0. 172,

W

 

