· 5555 55555555

suffundaris 225,10.
sugentem 220, 2.
1111”ι’11,ἷ’1’1 &uu 555, 5.

. sum ³³, 8, 2. 200, 2. 55106,4. ⁴

³10⁷, 3. 551 quinquies 5155155αᾶ
’55 inuenitur. est 5551555 use

¹ 1’102, 6. sumus 212, 2. 218, 3.
5551 115,1, 2. 122, 2515. 122, 2.
145, 2. 154, 12. 123, 4. 164, 1.
165, 5. 122, 2, 4. 125, 14. 126,
uuffium‚u
15111 ἰ”55”5’.’ ’5155’11ὀ’ἶ’5.”5’55 ’1
126, 5(122, 1). eret 125, ³, 2.
1254. 122,5 212, 2. 212, 5. 112,
4. eremus 1261 55551’110,2.
122, 4. 141, 2. 120, 1. 55555
126,’5. 120, ’1. 122,2 55555124,
2. 55551114,2. 1221. 223,4.
5515121,1. ’5511122 1. sumt
182,4. 2222 15111226. 122,
2. fuerunt, 141, 5. 152, ’6. 122,
(’55,’”5’]’ῗ ’111’5”1’1’1,’1.”’1’55’,”5’
1112452143, 1, 4. ’142,2154,
11. ’15’2,.6 162’,10’. 125,2, 12. 122,
3.122,2. 130 5 122 2 125 2
122, 41223, 4 20114, 5. 214,
5. 215, 2. 2’16,’ 5. 222,5. 2322.

555555 2021. 55551211, 2. 55-
55551120, 2. 5555555212, 2.
sumpsisti ’124, 2.

5555551521. 5555551342

sumpti 1111. sumptu 159,³ 555·
ptibu' 158, 2.

55555 160, 2.

5559155ἰιὲ17156110, 2. superciliis 125,
. , .

superficies 134, 4.

superfuisse (122, 12) 122, 2.

supernus 200, 2.

5555555215 184, 2.

supparum 133, 2.

suppetias 220, 2.

55515 55, 2.

(rus) 5555 203, 2,

555511555155 123, 1.

55551151 125, 3. 1112, 2. 5555115551

5513315111 ’2”1”””’5’ ’3153552155

5515115151 36, 3.

55151555142,’.10

(5555) 5551122. 15210. 121,1.
5555 223, 2.’ 555 12’5,.4 5555

111555, Ver rou 515 Souras.

305
154, 2. 122, 8. 555555 222, 3.
5515 101, 2. 152, 2. 159, 5. 123,
4. 125, 13. 122, 2. 183,1. 5555
221,1.

symmetria 100,1.

5555511155 126,1.

syrus 182, 2.

tabernas 222, 4.

tubes 186, 2.

155555 220, 4.

155115155 terim 140,1. 121, 2.

taedium 120,.3

1515515 213,.4

1515516211.

1551222 154,1 168,6.126,4.

1555551102112,4.122,1.233,10.

15511 130, 4. 155115 232, 3.

(teugo) texis 128, 4.

tapetibus 148, 2.

tardor 110, 4.

turdos 232, 2.

5515552555511 123, 5.

Γ1251551155 202, 2. 'Ferentinum
205, 2.

555555 Tartessia 1³³, 4.

155555 14³, 5.

15515 140, 1. 121, 3.

15511 100, 6.

teges 132, 5.

teg 11155 211, 2.

tegulae 162 ³. 225, 11.

tela 1322.

1525155203, 2.

51151314

temetum ’1,22 2.124,4. 155511

15555551555100, 1. ‘

tempestate 122, 2.

templum 108,1. 155515 114, ³.
204,1. 1555151321.

5555512214. 122, 3. 223. 5.
1555555 120, 3. 1555555 24, ³.
15555515 124, 2.

155551 101, 2.

tenebris 203, 2.

tenebriones 122, 4 tenebrionum

(teneo) 15551214, 2155551 134, 5.
tenetur 2222 1555551125

(15555) 15555515 182, 2. 201, 10.
teneris 1³³³ 123,’.6 “

(155555 240, 1’5).

155515 233

“ 155111, 3. 143,.2 163, 2.

Terentius 1³1, ’.2
1551551326.

20

 

