166 ..

extinguit 153, 9,

61161122,7,

6111161611 207, 4.

extrema 120, 9.

611116616161 143, 6.

extrinsecus 218, 3.

61111 178, 3.

fabularum 178, 5.

faeiem 176, 8.

166116 109, 1. 185, 3. 236, 1.

(16616) 11611 226, 7. 1661195, 5.
115,16. 156, 10. 160, 8. 174, 10.
178, 1. facies 226, 4. 1661661
216, 7. 16661616 120, 6. 1666161
194, 6. 16661661120, 5. 166616
116, 5. 117, 1. 143, 5. 147, 10.
166, 7. 169, 8. 221, 7. 226, 6.
166161 96, 8. 194, 8. 16611 127,
4. 138, 7. 154, 12. 166166 215, 6.
1661616111 165, 2. 1661 202, 4.
16611 112, 2. 16661661 180, 11.
183, 2. 225, 8. fecerim 120, 3.
1666111 105, 4. 111, 1.’202, 6.

1666616 268, 7.

111666 206, 4.

famem 192, 2.

[166111611197, 6). familiari 156, 5.

1666 124, 4. 1661 114, 3.

farinam 225, 6.

Α 111116· 176, 9.

1666111 141, 8.

1661111111161116, 10.

1611 142, 5. 217, 6.

febrim 102, 4.

1611611161 211, 8. 16116666 159,10.

16111166 174, 5.

166616161 103, 1.

16161661. 1611 115, 13 2. 1611
116, 9. 1616116 114, 2. 161161
236, 9. feram 144,1. 16116137,
6. 161666 189, 5. 16166161 162,
6. ferendum 115, 6. 161161260,
2. 16111 164, 8. 16111 118, 4. 11-
1616168, 6. .

16116127, 16.

1611666189, 5. 161166 195, 16.

16111616 116, 1. 161611216, 7.

feruido 168, 2. 114, 1. 16161616
161, 6. 1611111166 195, 8.

1616616 162, 4.

16161218, 6. 1616 151, 4. 195, 8.
16116 156, 4.

1611161 129, 9.

(16611661246, 12.)

16611111 169, 10.

166116 217, 7.

fibulam 266, 9.

mom 7666611111

66616166 225, 1.

(figo) 611 106, 7.

6661616111, 2.

61161 [97, 3] 151, 7. 154, 4. 165, 3.
229,1. 6111 156, 7. 162, 5.

1666561223, 9.

6166 158, 9; 10. 166, 8. .

66666661225,11. 66166185, l.

(66) 61 106, 6. 216, 1; 9. 218, 3.
6661 105, 2. fiat 217,10. 66161
221, 2. 661661 145, 4. 6611142,
4. 227, 9.

flamine 151, 9.

6666136166 117, 12.

1611111166.

fluum 128, 4.

flebile 159, 8.

flectendo 181, 6.

(66) 6616 211, 3.

616161261.

floribus 202, 8.

1166166611 135, 2.

666161 151, 6. fluetibus 128, 2.

fluentum 116, 3. ¹

6611102, 1. 124, 6. 197, 6. 66666
118,14. ’

6611616 96, 3.

flumen 118, 14.

16666 158, 3. 166, 1.

fodiendo 157, 4.

1661207, 5. 16616 102, 6. 189,1.
fontium 196, 8. 266, 6.

16166 122, 5. 231, 7.

forcipes 265, 1. forcipibus 156, 4.

1616 171, 7. 211, 2.

16166666 135, 7. forensibus 179, 7.

16161 141, 8. 238, 8.

16116 129, 6.

formam 196, 8.

1616111661 223, 1.

formidine 164, 8.

1616661616 138, 8.

16166666 156, 1. formosam 202,

16116666 174, 4.

1611161561.

16111161 137, 6.

6616661668. 219, 5.

16166 158, 8. 203, 2. 1616 175,16.
176, 2. 207, 2. 221, 8.

frangit 182, 11.

116161182, 6.

116666 169, 6.

frequentiam 132, 1.

1113661666 114, 2.

frigida 149,1. frigidos 94, 7. 116,
2. frigido 162, 1; 4.

 

