292

3. 180, 9. 66126, 3187, 1. 11
229, 2. eorum 110, 6. 122, 6.
181, 4. 661616190, 11. 661143,
6. 147, 9. 169, 3. 661 113, 8.

Ismenias 124, 6.

1116 126, 7. 183, 6. 1116 219,6. 161616
134, 6. 16116 109, 3. 6161616 170, 3.

116 94, 6. 107, 3, 136, 1. 234, ll.

11616394, 3. 113, 8. 173, 1. 190, 8.
198, 7. 213, 1.

item 130, 4. 183, 4. 203, 9. 208, 6.

1161 198, 4. 11616 114, 3.

iterum 121, 2.

111661 199, 8. ·

16666 126, 4. 16661 130, 7, 227,1.
166666 182, 4. 166111 231, 6.
1611611661.

iucundius 123, 1.

iudex 116, 6.

16361211,1. .

Iuppiter 101, 3.

1613116182, 1.

166 229, 4.

16666111166 229,.6.

1666616 188, 6.

16666166 160, 8.

16116 186, 2.

, 1161216, 7.

amabe δαίμων 222, 6.

kaput 213, 6.

κατ’ 229, 3. 0

8811866161 6

16166011 237, 6.

6611612166.

11611661 107, 6.

κόσμος 199, 3.

κρέας 168, 2.

nobem 120, 2.

166166 109, 3.

1661166, 9.

16316161.

1611661618. 1666161718.

166 169,9. 16616 93, 3. 166111

“ 146, 6. 229, 7. 16616 (6613102,
l 202, 7. 236, 8.

1166166236, 3. laboret 162,1;2.
11661661148, 5.

laetet 179, 9.

166666 206, 6. laeenam 226, 6.

1666116 184, 8.

16661110,2.196,8.

lagoenae 111, 2,

lamentatur 239, 3

lampade 146, 9. lampadis 219, 2.

[Lampadio 97, 3.]

lanam 140,2.

lNllEll 7836011111

166661734. 2
16636116 126, 1.
16616666 207, 2.
lanigeras 155, 3.
lapatio 171, 9.
lapidibus 226, 10.
lapidoso 113, 7.
16136 210, 5.
16111666 212, 5.
1616 161, 6. 201, 3.
161616 118, 16. 167, 3. lateret

latericiis 226, 9.

1111166 199, 4. Latina 110, 3.

Latium 228, 6.

latras 149, 3.

1611116 200, 1.

latum 158, 6.

laudato 185, 6.

166616104, 1. 1666161 naa. 16-
611161, 6.

11661861.

1661661141, 3. 176, 4.

lectum 239, 7. 16616 160, 4. 206,“
3; 6. lectis 203, l. 224, 2. 16-
6161 160, 1.

lecythum 237, 2. -

(lego) 163666 236, 2. 1636616231,
3. legere 176,16.1631176,4
(1911661616 176,14.166166

1631116166 166,.4

16111161,9.

166616 1869. 1666616 233, 6,

1611666611 188. 1.

Lernaeam 167, 2.

16661196,Ιο 166616199,.9 le-
6616 236 8. 166616 204,6.

leuia 110, 2. 164, 8. 201, 5. leui
186,1.188,6. 16666 100, 5.

1661161137, 7. -

1611619. 1636134,4. 16366
216, 7. 1631661168, 1. 220, 1.
1631660168, 10. 161 Μ66616
163, 7. 163616 Liciniam 108, 5.

16116 6616116661 190, 7.

1166616611 236, 2. ,

11666166 202, 9. ’

116611166616 167, 6.

libellum 106, 6.

liberatae 238, 8.

Liberi 170, 7. 176162 206, 4. Li-
bero 124. 4.

libertatis 138, 2.
. liberti 109, 6.
libet 111, 1.

 

