302

regio 118,15. regiae 171, 6. re-
giam 238, 7. -

regnabat 198, 1.

regressus 215, 8. .

relinquo 207, 4. relinquit 189, 5.
230, 2. relinquat 169, 2. reliqui

reliquhm 158, 5. reliquo 102, 6.

relligio 141, 5. relligiones 103, 4.

reluces 192, 4.

remiuagam 110, 1.

1555511515183,3. . ,

repente 108,1. 161, 5. 228,1.

† repigret 168, 5.

· reprehendit 154,4.

155 178,1. 220, 3. 151 120, 3. 1515
103, 2. 131, 2. 182, 8. 195, 6.
227, 3511. 228, 6. 155 (plur.) 129,
6. 141, 6. 160, 4. 151551 190, 11.
rebus 148, 1. 175,12. 176, 1.
1511ἒ1ἓ51ἑ555 115, 4. rempublicam
‚ .

residis 187, 6.

respiciens 159, 4.

respondeat 142, 2. responderem
129, 6. respondisset 140, 6.

restet 173, 2.

1515 188, 2.

15115515 212, 6.

1511551 202, 5. 15115551 179, 7. re·
1155151202, 1. retinueris 121, 3.

retrimenta 202, 4.

1515155195,1.

reuellere 200, 6.

1555155151 206, 8.

1551515511 166, 1. “

15555515 217, 8. 1555551 121, 7.
221, 5.

15551814. 1551112166.

1511147, 1. 156, 1. regis 119, 4.
regi 162, 9. 15551651.

1115151 156, 1. rhetorem 157, l.

“ helops Rhodius 193, 6.
Rhythmus 190, 6. ·
rhythmon 110, 5. rhythmis 190,10.
1151515 224, 5.

15111551 11515515 202, 11.

ἱ115155184, 6.
ridere 163, 7. rident 163, 6. 1151
ridiculum 152, 2.

1115511 154, 8.

1155 184, 7. “
115551136. 11555145,·8.
111551 208, 8. rixarent 104, 5.
robur 204, 6.

rogasset 195,11.

tubex veneonvu

Rome 108, 4. 142, 4. Romae 136,
1. 138, 3. 148, 4. 175,10.207,1.
211,1.·221,3, 225, 7. Romam
215, 8. 224, 7. 225, 3.

Romanus 139, 9. Romani 228, 4.
Romanam 2286. 35555151951.

Romuli 103. 7.

15555 184, 7.

1551155158, 7. 209, 1. 155115158,
7. 155115 109, 6. 198, 8. 1551115
219,1.

rotundus 23911. cf. rutundus.

ruminari 106, 4. 1551155115 218, l. ,

rumpit 142, 6. 233, 9.

(155) 1555115 94, 7.

15151 208, 1.

1515551015.

15511555 139, 9. 15511555 180, 7.

155555 137, 2. ·

15115 165, 4.

rutuba 217, 2.

rutundam 116, 5. 15155615 100, 5.
cs. rotundus.

Sabellis 98, 4.

sabulum 227, 7.

55515 141, 5. 154,11. (55511 15412.)

sacerdos 213, 5.

5551165511 158, 3. ¹

saepe 1165, 6. 181, 3. 186,1. 200,Ι
5. saepius 96, 2.

saepiunt 142, 1.

saeuus 151, 7.

sagus 236, 9.

551151 154, 2.

saltatoribus 221, 1.

5511551 206, 8, 222, 6.

5515 230, 6.

salubrem 159, 8.

551515 166, 5.

Samnium 98, 4,

panus 585515 193, 3.

sanguen 151, 4. sanguine 119, 4, J

145, 8. 151, 4. sanguinis 195,(1.

55555 128, 8. 5551129, 4. sano·
15511358.

saperdae 169,10.

sapiens 137, 6.

5511111144.

555551 169,11.

5515155111515 180, 8.

sardae 198, 5. ι

Sardianis 148, l.

Sardibus 118,14.

5511151 235, 2.

sartor 235, 3.

551155 202, 2.

55115 141, 3. 223, 4. sat 202, 2.

 

