232

6011010219, l.

caballum 189, 4. 212, 8.

0001101100 200, 7.

(00110) 00000018011. 234, 4. 00-
01011228, 2. cecidimus 162, 9.
0001001001211, 6. .

caduca 236, 2. caducam 206, 4.
caduci 162, 7.

0001101101 94, 7.

Caecilius 191, 1.

Caecubum 103, 6.

000001110100,7. 00000111001141,7.

000000101, 1.

0000010 127,Ιο 00001101189,8.’

0001010 137, 4.

000101010199, 3.

caelitum 108,1

caelum 133, 5'. 167, 7. 199, 3. 00011
100, 1. 146, 1. 154, 8. 161, 7.
162, 2. 00010 96, 6.

caementa 107, 2.

0001010 161, 3.

0000110 116, 7.

0010010110 234, 8.

calcar 109, 4. 210, 9.

00100011204, 1.

0010000 130, 2. 226, 7. ,

calcitronem 213, 1.

001010 197, 1.

001001001 102, 4.

0010000066οε 123, 6.

calando 102, 3. 0010111208, 8

calefacere 238, 1.

coliandrum 237, 4.

· calicem 114, 7. calices 123,5.

calidior 126, 2.

calliblepharo 184, 4.

00101010 102, 3 001010 201, 8.

001000101001111226, 4.

(0011) calcem 166, 9.

campio 201, 4.

0000 136, 6.

000011 106, 1. cancrum 233, 6.

0000010610 106, 8.

0000000 146, 4.

candidi 212, 1. candidci 146, 4.

candidum 102, 1. 166, 9. candi·
0010202,Ιο

caninum 238, 2.

00010214, 9. 222, 1. 223, 3. 00-
00101203 211, 7. canes 220,

· 9.221,1. 0000012001.

0001100101942.

(0000) 0001113217. 169,6.

0001010117,6.180,7. 00010000

‚ 133,1. 00010011010179,2.

0001011110 94, 1.

lllllEll 7116303711

0001111906.

capacior 164, 6.

caperratum 124, 7.

capio 130, 2. cape 161, 4. 206, 4.
capla 106, 7. captus 230, 6.
0001011217, 6. cepit 167, 6; 7.

Capitolio 140, 6.

coplata 231, 1.

Capuae 103, 7.

capulum 160, 4.

0011111166,4.0ορ1110170,7 ca-
0110126,3.134,.3 196,11. 238,
3. 239, 12.

0010010166, 8.

cardinum 219, 1.

cariem 160, 2.

carnaria 160, 3. 0010011096, 3.

Carneadem 214, 6; 8.

(0010) carnea 192, 1.

001100 111, 9.

caruncula 102, 6.

cannatas 218, 4.

00010 133, 6. 0110101906. caulae
141, 6. 000100 101, 2.

0001010010 264, 6.

00011010 181, 7.

castris 212, 8.

0010110 214, 9.

000010 189, 2.

00110166,3.

000000000126, 3.

cauernae 132, 2.

0000 189, 1. 210, 7. 0000 214, 2.

cauponem 174, 2.

00000(11011100111)98, 3. 120,.3 166,

’ 0001197,1 188,.6 000010 207 3.

Ρο000 0010 219, 4.
00101 Διενοσλημματοσλόγος 166, 3.
00101100 163, 6.
00110 142, 2. 001100 160, 2. cel-
lae 226, 6. .
celocem 110, 1. 149, 2.
0010097, 1. ’
00000010 238, 6.
cenam 121, 4. 164, 6.
000000 230, 4. censeam 112, 1.
canaonem 143, 4. 212, 8.
0000001 213, 8.
0001010 114, 6. 194, 9.
centussis 194, 9.
cenulam 122, 1.
cepam 130, 6.
00ρο 110, 6. 169, 8.
0010202, 7.
3313111111.) 1
1 · 1 ·

 

