11181111 1888011111

turdum 205, 4. 225, l.

Tuscus 206, 2. Tuscis 88, 4.

tutandum 148, 4. 1,

Tutunus 148, 4.

Tutilinam 148, 6.

1010100 228, 6.

101010 198, 8.

1000 125, 2. 182, 6. 184, 8. 285. 2.
1000 107, 1. 227, 2. 101 20118.
100114, 8. 10010 205, 7. tuam
124, 7. 108, 7. 1001001107, 2.
1010 107, 2. 241, 5.

tympanis 180, 11.

110000 182, 4.

ungat 148, 8. 00001001 208, 10.

0010 168, 8. 001010 180, 4.

uallem 202, 4.

00110100184, 5.

uapor 162,8.

00110000 122, 1.

00110 182, 8.

Varro 284, 11.

“ 0001011110, 1.

00011100 201, 4.

00011101100 158, 1.

, (ussum) 0000227, 2.

01101126, 8.

ubi 122, 6. 127, 5. 188, 1. 180, 8.
142,1; 23 8. 150,1. 151, 7. 178,
6. 180, 8. 212,1; 8. 216,1. 221,
8; 8. 228, 8. 227, 7.

- 00 adhaerens 111, 2. 128, 1. 168,
2. 167, 5. 185, 5. 228, 1.

1111110111ιῖ 188, 10. 0011060101 140,
4. 000100 168, 1. ·

0010000110* 210, 8.

00110010 140, 4. ,

001102. 8. 127, 8. 128, 4. 142, 1.

, 150,2.102,11..

(00100) 0011110 100, 5.

00110101 173, 8.

001110010 125, 4.

0010 102, 1.

“ uelocibus 188, 5.

(0013100000 105, 10. 00001010

1 ,7.

00001010 188, 2.

00001001 178, 8.

0000101 107, 0.

00010110 166, 8. 0001111111 140, 7.

000000 210, 5.

0000110010 164. 5.

00010182, 1. 154, 8. 228, 8. 00011
180, 7· 83⁶2 21 4· 286, 3· ueni·
1000 184, 8. 0001001 158, 8. 00-

’ 01001 107, 5. 0001010184, 4.

301

0001101154, 5. 0001010 187, 2.
000010 211, 7. 0000111 117, 2.
000110178, 8. 185,12. 0001010
(0111116000οωἰηί 106, 4. 00001010 Ι

125, 4.

0001110 182, 2. 00011010 280, 7.
0001102061.

0011100 151, 8. 210, 8. 00011162,
4. 211, 5. 000100 210, 8.

(Venus) 7000110 85, 8. 117, 5. 180,
1. 2281. 7000110 00110101 184,
10. Venere 178, 1.

0000010 138, 8.

00000100 188, 4.

00124010.

uerbum 188, 8. uerba 110, 0. 180,
7. 001510 85, 1.

001011οι0 104, 7.

001001 211, 0. 1101010221, 8.

Veritas 185, 5.

0010 175,17. 187, 8. 284,1.

00110110188,8

uersuum 110, 4.

00111101001100 128, 8.

(00100) 0010 106, 8. 186, 1.

000100 102, 8. 0001000177,10. . .

0000010110 80, 8.

00010212, 1. uestem 187, 10.

000101 187, 1.

00011010 110, 1. 0001100 145, 8.
208, 7.

uestigium 122, 7. 186, 8. 227, 10.
uestigio 184, 8. uestigia 86, 7.

uestimenta 115,1. ’

000110 188, 5.

“ 000110010οω 187,10.

0001110 185, 8.

0010100 84,1.

00100 287, 7. 288, 1. 0010100 105, 8.

0011110 118,1.

010 224, 8. 0100 181, 8. uiam 101,
2. 181, 5. 214, 5; 8. 0100 210, 6.
288, 4.

uiaticum 217, 8.

uiatorem 207, 5.

uibrant 187, 2.

01001100 221, 8.

0100000 126, 7.

010100 280, 2.

uideo [87, 2] 182, 1. 168, 7. 211, 4.
225, 2. 884,11. 011100 107, 1.
124, 8. 188, 4. 148, 1. 187, 8. 227,
4162815. uidemus 184, 7. 01-
1101101408. uident 188, 1. 01·
(1000 178, 2. 188, 7. 205, 8. 01110-
bant 215, 10. 0110111111, 1. 01111

20*

 

