308

141, 7. 910,.4 1111111118ομ9 11-
111111,0 3. 190, 8. 1111111111 917,
10. uideris 144, 0. uiderit 997,

, 9.1ι(1111111118010.111111333
933,1. 1111111144, 7. 173, 9. 913,
7. uidetur 185, 0. 113111111Ῑο9,
10.11111111111199,439.111011111
177, 9. 1111111180, 1. 11111111

uiget 131, 7. 179 5 940,10.

11ςί1131111 917, 4.

uigilant 908, 8. uigilare 191, 3.

, .

11111930, 4. uilissimos 991, 4.

11111111 194,1.

11111111 195, 3.

uincor 189, 8. uinci 110, 0.

1111111111 990, 4. ,

11111111 190,1.

1111111111ιί1 180, 7.

1111111111111 101, 4.

uineis 138, 4. 149, 9.

1111111111 194, 3.

. 1111111104,3. 194, 3. 171, 1 3

185, 3 919, 0 11111194,1.
130, 1. 937,0. 11111 193,1. 198,
111107, 1. 1111101, 9. 911, 7.
uirum 1043. 11111 104, 5. ’
11111111107, 1.

191111111111197, 3.

uirgo 93, 9. uirgini! 35, 3.

1111111111993, 11.

1111111 104, 7.

uiridis 17118.

11111194,9.190,8.11111119143
11111111 914,8. uirtutem 119, 9

(111)11181, 1. 11111937,7.

11111111 188,.3 11111101, 9.

1111193, 7.197,3.908,1. 193,9.
11111190, 9.111,4.170,1.11111111
143, 9. 193. 4. 931, 3.

1111111111 130, 4.

uitium 113, 8sq.

(1111) uitabat 913, 9

11111111 185, 0.

1111111 17113.

1911111111 193,3.1111111111
187,3.

vitulus 197, 1.

(1111)111111990,9. 1111111903, 9.
111111 117, 4. uiue 179, 9 uixi
180, 3. uixere 917, 91111111
109,3.11111111109,3.

11111 1111111111 ,

1111109111ὲο9,οΑ 11111109311111

1111111,1.,.,.,1111111111Χ

7111114197, 10. 9093

ulmum 193, 3. -

ullum 993,3. 1111103, 4. 990, 3.

11111 918, 4.

11111111 9931.

1131111813.

umbrantur 901, 0.

umero 189, 3. umeris 930, 9.

umore 901, 8. umorem 993, 10.

1111111198,9.139,0 134,10.

11111190,4.

1111111013. undas 134, 9.

undecimo 999, 3. ’

1111111111 133, 7.

ungulis 900,9.

11111 1339. 140,8. 9991 1111111
111, 4.’ 11111. ι11,’1 111, 1.
1111111119, 9. 914, 3. 11111491.

11111111111198, 8. unoquoque

1111111111 35, 3.

11111 119, 3. 111111 190, 9. 937, 0.

11111189,3.1111ι111908,7.
uocatur 110,0.

1111111111 197, 0.

11111997 1111111997, 10.

1111311111] 107, 4.

uolantem 139, 0. 993, 1. 1111111111

11111111 131, 4. 911, 1. 1111111111

(111111)11111493.11111ι19987.11-
11111943.144,7,194,8.11-
11111111,ι.1111111111’4,111.
111111140,3.103,9.111111111111

ἐξῇ. 111111119,3.1ο11111

uoltu 190, 3. =

11111111 990, 3. 1111111311 90, 9.
Volumnio 104 8

uoluptas 909, 1. uoluptate 171, 8.

ἓξὲξ. uoluptatem 143, 8.171,9.

uoluuntur 140, 3. .
1111111111 109. 3.

111199168.7199,3.143, 8. 1111111111,

1111311811ξο 1119179, 1. 1111131

111ἐὲέὲ31, 7. 933,4. 11311903.

1111119317

 

