lNDEX VERBORVM ν

urnariurn 227, 3.

urgeo 174, 6. urget 166, 6.

usque 163, 1. 236, 4. ,.

usui 160, 4. usum 176, 1. usu

utlgg'g'uezut) 36, 1. 36, 4. 102, 8.
104, 3. 106, 1. 106, 6. 110, 2. 120,
4. 121, 3. 122, 4. 126, 6. 127, 7.
123, 3. 133, 7. 134,3. 146, 1,6
(uidetis, 111 agat). 167, 3, 7. 162,
7. 164, 6. 166, 6, 7. 160, 6. 172,
2. 180, 3, 6. 161, 7. 164, 7. 167,
10. 100, 10. 213, 3. 223, 3, 6.
226, 11. 227, 6. 233, 3. uti 113,
6. 136,1. 163,1. 200, 7.

ut 36, 6. 104, 6. 107, 3. 103, 2. 114,
1,4,6.113,3.120,6,7.136,7.
136, 1. 144, 2. 146, 1, 3, 4, 6.
147, 6. 161, 2. 164, 6. 162, 11.
163. 3. 164, 2. 166, 3. 173, 3 bis.
174, 6. 177, 2. 160, 11. 166, 3.
134, 6. 203, 4. 204, 3. 217, 3. 216,
3, 6. 221, 2. 224, 3, 7. 226, 10.
230, 4. 231, 6. 233, 10. 234, 2.
236, 2. uti 106, 4. 166, 4. 204, 4.

(01301111 164, 1.

309

uterque 167, 4. utrumque 167, 6.
utroquo 203, 10.

uti uide ut. ·

utilior 206, 2, utilius 177, 6.

utor 130, 6. usurus 136, 2.

1111161100, 1. 103, 1. 126, 3. 141, 7.
166, 2. 130, 1. 236, 1.

11111224, 1. ·

uuidam 206, 6.

Vulcanum 111, 2.

uulgum 217, 3.

uulgus 162, 2.

uulgus 114, 6. 131, 6. 1013113162,
2. uulgi 131, 4. 136, 1. uulgo

103, 1. 213, 4.

uulpinum 174, 1.
uxor 136, 6. 1301111166. 140, 1.
uxorem 116, 3. 167 , l. uxore

140, 4. 213, 6.

uxorculae 124, 2.

aar} ἀκίνητος 172, 3.

ὑπ ρβατον 104, 2.

xyston 227, 7.

Zenon 127, 6. Zenona 214, 6.
zonae 116, 1.

 

