296

nempe 183,1.

Neptuni 151, 7.

6666661551.

neque 94,.1 96,6.180,1.199,1.

neque- neque 96, 8; 9. 139, 5, 6.
155,1.157,9;111.159,4

neque ·- nec 94, l.

nequeat 116, 5.

nequiquam 200, 5. 918, 8.

nequissimus 186, 9.

176116666 919, 5.

661616 181, 2.

66161116 181,6.

661616 909, 9. -

nescioquis 199, 6. 6. qni234, 19.
6. quo 142, 6. 6. qua 163, 1.

nesciebamus 177,6. nescisse 106, 3.

66161351.

'nexile 188, 9.

· 611166 936. 4.

nido 906, 7.

nigelli 184, 9.

nigra! 239, 2. nigro 119, 4. nigrum
23, ;7.

nibil 108, 5. 193,1. 147,10, 149, 4.
183, 9. 909, 6. 906, 8. 915, 8. 919,
6. 994, 5. 934, 11.

611 145, 9. 919, 3.

611656694,7.

6116116111 908, 8.

6161 903, 9. 916, 5. 995, 13 5.

611611 137, 1. nitens 94, 6. 900, 9.
99, 3.

6111666 188, 6. nitidi 212, 1. 913, 4.

66511416 199, 4. 999, 1. 66511661
91 , 6.

6666611 157,10;

noctiluoam 166,1.

noctu 141,1. 149, 4. 14813.

6666 183, 8.

, (6616) 66166166195, 3. noluerim
131, 9. 6611194, 1. 130, 5.

nomen 135, 7. 6616166117, 1.

6666611161 61 centies inuenitur.

,nondum 141,1.

.. 66666 147, 6. 187, 9.

nonnunquam 185, 6.

66699, 7. 108, 5. 199, 5. 134,(1. 135,
51616.114,1.161,1.169,.6
1853 917, 8516. 918,1. nobie
169,9 177,8. 917,.7 997,.3

6661619085. 666116109,5.134,5.
nostrum 190, 8. 666111 917, 3.
666111 (plur.) 95, 9. 110, 6. 169, 9.
179, 4 bie. 226, 9. 998, 4. nostros
17, 3.

INDEX VEllliOllVbl

66661166 94,1.

(6661) 66611194, 9. 661661 194, 8.
6666661995, 5.

66666140,1. 6661116109,9.187,9.
937, 6. 938, 1. 6666161097 66-
666 95 1. l11‚.2 6666161975
66661099 197, 5. 935, 8.

6661666661,11 1.

souis 135, 10.

(nox) 666111 190, 9, 161, 5. 66616
919, 9. 1997, 4.

661166 99, 8.

nubes162, 1. nubibu' 911, 1. 66-
bium 196, 9.

665116 934, 4.

nuces193,6.

nugas 221,1.

nulla198,6. 6611616 155, 1.

num 128,1. 904, 4. .

Numa Pompilius 997, 9.

66166116 176, 13. numero 195,19.
numerum 135, 8. 190, l.

nummo 130, 3. ·

numnam 96, 4.

numquam 901, 5.

numquis 116, 8. numquid 97, 3.

6666 195, 9. 196, 9. 198, 3. 131, 1.
139, 5. 141, 3. 149, 5, 144, 5. 187,

, 6. 194, e. 203, s. 213, 4. 116, 1,

43 7. 917, 9. 998, 3. 937, 3.
31133 111·
nundinum 139, 9. 995, 3.
nuptiae 915, 10.
nuptnlae 95, 1.
nmquam 175,11.
6611111616 661 998, 5.
nunninus.
6139,7.158.4.917,.,.39194
imus. 196,.3 9996.
obulus. 1956
655661,93 6.
obleuisse 174, 91161. addendo).
obliquo 118, 3.
6511116 995, 11.
651661 149, 9.
obscenis 95, 1.
65666161 984, 11.
obseruare 140, 3. “
obsidentur 148, 7.
6561116 ” lat 157, 9.
obstrig‘ 16161661 202, 5.
obuius 911, 3.
666116161661164,3.
occupet 129, 6. occupatus 126, 5.

occupasset 990, 9.
occipitium 908, 3.

 

