111611 1611161111 ’ 361

-que adhaerens tricies 1166166111· 3, 4. 138, 4. 146, 7. 147,10.
nenitnr ‚ 149, 3 qrrater. 162, 2. 164, 3. 167.
{quemadmodum 181, 5. ’6. 169, 5. 16611. 196,1. 204,

6666) 666616 200, 3. 6616112322. 4. 213, 7. 217, 10. 221, 7. 238, 4,
, querqueto 200, 8. 6. 661 231, 4. quarn 166, 8.
66616661616694,8. 196, 1. 227, 2, 3. qua 229, 6.
questum 187, 1. (quisnam) quemnam 195, 7.
661 (relat.) quinquies et tricies 16· 66666661231. 6616666111 127, 8.
11111111 11· 11111 11111·
6661166
8.177,.1 181, 1. 182, 2. 2062 6166666666 2113
616. 214, 2. 217,4. 66166120, 6666(6661“.)96,2. 99,7. 101, 6.
3. 136,3. 661128, 8. 166, 3. 102, 2. 106,2. 108, 6. 126, 3.
quem 100, 5. 110,3. 114, 6. 138,4.148,6.164,.7167,6163,
169,9.160,.8 167,7. 66661117, 3.170,1.176,10.177,.6 180,6.
121,181.148,6.161,6.161,1.187,9,10.204,1.206,1207,6. ”
179, 3. 197, 6. 202, 8. 229, 6. 209, 4211, 9. 223,,1 9. 224,3.
quo’d (nom. 667 666.) 104, 2. 109, 231, 6. 234,1.
1. 117, 2. 118,16. 126,9, 127, 9. quodsi 211, 6. 221, 4. 229, 2.
141, 3. 163, 10. 167, 1, 4. 169, 6. quom 139, 4. 146, 7. 171,1. 206, 6.
171, 7. 176, 22. 177, 8, 9. 203, 4. 207, 1. 211, 7. 222, 3.
213, 7. 216,8. 216, 7. 220, 8. 221, quendem 169, 7. 180,10, 222,1.
8. 223, 4, 6. 228, 3. 229, 4. 237, 224, 2.
6. 666 120, 4. 126, 8. 168, 2. 177, qnoniam 117, 1 120, 4. 230, 4.
8. 228, 4. 66 161, 2. 292, 4. 666666 177, 2. 187, 3. 211, 7.
227, 4. 6111661111.) 99,8. 116, 7. 239, 4. .
131, 6. 132, 2. 138, 6. 143, 8. 147, quot 139, 2. 167, 2.
8. 148. 6. 163, 4, 6, 164,1.169, quotiens 199, 9.
3616. 178, 6. 183, 2, 194, 8. 217, 16616 149, 3.
7. 226, 3, 7. 2221. 227, 6. 228, tabularum 186, 6.
6. 6661616122, 6. 1723. 666- 166666113210. 16661721. ·
rum 162, 8. 216, 2. 661666100, reminis (plur.) 142, 6. ramices
3. 1139. 141, 8. 171,4, 8. 176, 233, 9.
21728180, 2.191,1,4.192, 1611161824. ramis 189, 9. remos
2. 6616 (661.) 1722 6666184162618211.
4. 228,6. 236 8. 236, 3. 6666 rapinatores 107, 6.
,ἡ 117,4.145‚10². rapitur 113, 7. repere 177,4. repta
661 (indes.) 163, 9. 234, 12. 6616 1426.
120, 7. 129, 6, 179, 6. 229, 1, 3. 1666 187, 3.
6616144,6.166,2. 186,6. 231,6. raptoris 142, 6.
qun163, 1. 6661426. ratio 220,3.
661 (ἰ. e. quomodo) 120,3. 128, 7. Reatino 218, 6.
18221861. 1666166116121,1.
6616126, 8.149,4. 17616196, 1. recentes 96, 2.
quicum 220, 3. recinebant 1323.
6616616 197, 1. quiddam 138, 7. recipiuntur 238, 6. receperis 106,
quendem 199, 8. 201, 7. , 6. recepit 167, 7.
quidem 163, 6. 176, 10. 230, 4. 1 616 130, 9. 2021.
quieter 161, 1. re e 161, e. 4
· 6616 124, 7. 164, 1. reddit 227, 6. reddunt 174, 8.
6111666661616216, 9. reddet 102, 9. redderet 16211.
6616666 117,12. reddere 2321.
Quintipor Clodius 106, 4. reduxi 2128. -,
6616 (1·6161666.)116,6. 123, 7. 170, referet 135, 8. 1616116116112,1.
6. 216,4. 6666 133,4,66161 1611611616 184, 7. refrenet 1126,
6. 1381. 227, 1. 6616 96, 8. 97, refrigerare 238, 1. ”
2. 100,4. 120, 6, 8. 128, 3. 130, regillee 185, 2. '

 

