11191111 vuhuonvn

661161661116 116, 9.

6111166166, 4.

661611616 192, 2.

66166 99, 9. 6616616 129, 8.

6666616 113, 4.

666666 169, 1.

66666661299, 7.

Scantius 126, 6.

666666 109, 6.

[66666166 97, 6].

66611 199, 6.

scaturrex 124, 9.

scena110,3. “

6666111161 180, 9.

666661111 168 6.

· 6666161266.

scholastici 129, 8.

66661166129,8.

66166116 96, 6. 181, 6.

66111661 136, 9. “

(6616) 6616 182, 2.. 6611162094.
66166166 196, 6. 66161227, 9.
66166661 167, 6. 661666 229, 4.
66116·207,1.

scapulo 119, 7.

scorpionis 299, 4.

6661166 168, 6.

6611611 126, 6. 661161161 147, 6.
scribi 237, 6. 6661116666 231, 9.
scripturum 106, 6.

scriptione 109, 2.

scripturn 190, 9. 14111,

scriptulum 199, i.

' scriptores 186, 6.

scrobe 167, 4.

sculponeatum 208, 2.

661116 137, 4.

scyphus 96, 4.

Scytharum 201, 4.

66 96, 4. 112, 4. 127, 10. 199,1.
199, 9. 141, l. 169, 10. 160, 6.
162, 4; 11. 166, 2. 172, 4. 179, 7.
197, 2. 199, 8. 204, 3. 216, oon.
219, 9. secum 162, 6. 6161141,
9. 202, 7. 211, 2. 216, 9616. 6666

κ 116, 10. 129, 2,

66616116 183, 1.

666661 162, 6.

, 66666666 171, 1. secundum 147, 8.

securem 189, 6.
666 94, 1. 101, 6. 102,6. 104, 9.
106, 2. 106, 2. 191, 6. 194, 6. 140,
2.147,9. 166,.4 169,.4 166, 9.
168,.4 169,9.170,6. 172,,9 6.
174,4.176,6. 19846 201,.9
216, 6. 229, 3 227, ’1.233,10.
296,1 66117617.

903

66661176, 11. sedens 169, 9.
seges 100, 9. segetis 296, 2. 66-
6616166, 1. segetibus 226, 1.

8616 106, 6.

661661 140, 4. 149, 9. 177, 6. 197, 9.
semiatrati 109, 6.

seminarium 129, 9.

semiuiri 132, 6.

semodium 164, 4.

semustilatus 197, 2.

senatus 219, s.

senem 110, 9. 6661666 217, 10.
6666116 166, 10. ¹

· seplasia 109, 6. seplasiae 221,10.

septem 209,10.

septentrionum 162, 6.

66616184,6.

sepulcrum 168, 1. sepulcris 122,7.

sequatur 101, 2. 190, 2. 66666161
100, 6, sequens 219, 2. 6666166
114, 6“. 167, 6. 66661616 214, 7.
666611 108, 6. acqui 190,4. 208,2.

Serapi 190, 8. Serapim 190, 9.

666666 122, 2. 666666 164, 7.

sermone 122, 1. 199, 8. 661166-
61666191,2.

(6616) 66161 166, 4.

6666616174,.9

66111161110,6.

666666661114,6. 661116616666237, 1.

6616116116138,1.

6616616964. 6661112207. sonus
107,2 seruos 141, 7.

6666 rs. se.

sestertios 126, 7.

661 cs. 666.

666616 136, 9.

sex 119, 2. 184, l. 209, 9 his.

61 nonies ct quadruplae inuenitur.

sic 122, 9. 129, 4. 172, 4. 228, i.
290,1. 296,1; 2.

6166661 146, 6.

616666 149, 1.

sigillorum 94, 4.

significare 209, 4. significantes
1869.

6166661091. signo 192, 2. signa
164,11. signis 118, 2.

6116611616 176, 17. .

611661 179, 7.

silicernium 168, 2.

61166616 147, 7.

6111161666. 6116616 189, 2.

6116611666189, 1.

6116616666 186, 7.

61161116 299, 9.

ι simplex 224, 61 6161611661171, 6.

 

