290

Hibero 137, 4.

515 102, 2. 124, 6. 133. 9. 147, 3
515. 161, 6. 183, 5. 186, 6. 187,
2. 205, 1. 213, 5. 233, 10. 234.
11. 5555 31, 1. 101, 6. 155, 3;
4. 160, 2. 163, 2. 166, 7. 168. 5.
118,1.227,9.hoe100,1.102,6.⁵
107,5. 123, 2; 3; 4. 143,4. 146, 1.
152,1. 171, 3) 7. 171, 6. 185, 3.
188, 1. 203, 4. 206, 1; 2 515.
220, 5. 231, 5. 55155 190, 6. ἱ
5515 239, 3. 'hunc 156, 2. 159,
1. 208, 7. 223, 5. 5555 171, 9.
206, 4. 214, 5. 555 197, 5. 198,
1. 51164, 1. harum 160,1. 515
121, 3. 166, 5. 171, 1. 185, 4.
555 154, 9. 137, 5.

515 (555555.) 133, 5. 157, 3. 111. 1.
221, 1ος 11. 222, 2. 238, 5.

hieme 113, 9.

hilaris 208, 5.

51155115115123, 3. hilaritatem 184, 3.

hinc 102, 6. 106, 6. 134, 5.

hinniunt 93, 1,

hirundo 240, 10 (8).Ι hirundines

historiam 137, 3.

55115 221, 8.

Homeri 106,4. 190,10. ufi210,3sqq.

homo 102, 5. 139, 9. 147,10. 198,
1. 208, 5. 213, 7. 222, 4. hog
mini 195, 4. 236, 5. hominem
95, 4. 139, 7. 156, 3. homine
172, 3. homines 99, 8. 120, 6.
127, 7. 147, 8. 154, 11. 174, 8.
180, 7. 203, 3. 222, 2. 223, 1.
hominum 124, 4. 135. 9. 203, 7.
223, 5. 5515151555 98, 3.

humuli 217, 10. ⁴

homulli 117, 11. homullum 155, 3.

“ homunculi 175, 14.

55555155 221, 4.

honores 208, 4. ·

hornam 132, 2. horno 126, 6.

horridus 213, 1. horrida 173, 1.

hortari 104, 5.

hospes 130, 3. 240, 10 (8).

hospitium 159, 9.

5551155 201, 3.

hostibus 107, 3. hostium 106, 6.

5551155 174. 9.

555 143, 9.

humanum 153, 9. humanae 201.
7. humanis 165, 5.

humili 189, 4· Ι

5551515189,10.115515200,2. 226, 6.

luusx vuuuuhvh

hydragogiae 165, 10.

hydram 167, 2.

Hymenaeus 164, 1. -

(15555) 1555515111 136, 5.

(15515) iuuere 227, 7.

1551551132, 6. 155155 206, 2. 15-
5151594, 6.

iam 120, 1. 187, 6. 238, 1.

iambis 230, 3.

iampridem 194, 7.

1555551 126, 3.

151 144, 6. 203, 3. 204, 2. 215, 8.
216, 1. (240, 12.)

ibidem 194, 19.

1515151809.

ideireo 167, 7.

11515101, 1. 213, ὃς 6 bis. idem
(55515.) 178, 3. 229, 4. eandem
170, 9. 111, 9. 220, 6. eodem
129, l. 130,6.133, 1.

1155 95, 2. 91, 5. 102, 3. 106, 6.
149, 4. 181, 9. 209, 3.

1515515 125, 4.

1515515 123, 9.

1551551 163, 3.

igitur 119, 5.

15555141, 1. igni 108, 2. igni-

bus 161, 6.

ignorasse 106, 1.

3ῗ55531ἷ1 157, 1130 115315551151441
155 omen , .

Ilio 211, 1.

1115141, 1. 167, 4. 183, 5. 186, 4.
190, 2. 205, 1. 206, 1. 222, 1.
228, 1. 11151 174, 5. 234, 1. 11-
1155 190, 1. 202, 5. 1111 124, 4.
172, 4. 231, 1. illurn 134, 8.
198, 1. 1115217, 8. 235, 2. 11-
1551343.

11115 104, 5.

11155132,1.

imagines 201, 5.

imber 234, 4. imbri 236, 6.

imbui 95, 3. imbutus 119, 4. 115-
5515111221,1.

imitemur 147, 9.

, r immanis 174,10. immanes 161, 3.

imperinm 208, 4.

imperito 185, 6.

impietas 216, 2.

implicatus 234, 5.

im oneret 132, 2. imposui 139,
2911131555515 158, 3, impositas

impressa 184, 8.

’ impuberem 217, 4.,

impudicitia 216, 3.

 

