lNllliX VERBORVM 279

aduentam 162,10. 14111127, 10.

aduentoribus 160, 2. 111104,3. 105, 5. 127, 6. 191, 12.

aduentum 173, 1, 207, 3. 223, 6.

aduersi 211, 1. 111111111172,3. detonuerunt.

aduersarius 116, 7. 11111111008.

1611111111111147,4.19112.11111- 1111137,2. “
11111111111133,1. 1111111237, 6; 7. albo 234, 5. 11-

111111111111111230, 5. 1111211, 7.

aduratur 140, 3. 1111111111 113, 7.

aedes 204, 2. aedem 131, 8. aedi· Albulam 197, 6.

11111911. 1161111160, 1. 1111 186, 4.

audiuerant. Alexandro 165, 1.

aedilicium modium 156, 2. algu 136, 6.

aeger 98, 5. 111111 159, 3.

Aegeus 151, 6.’ alimoniam 159, 3.

aegritudinem 123, 2. alioqui 113,11.

11 sotus 127, 8. 1111111111201, 3. 1111111127, 9. aliquid 101,6. 129,

111111 Aegyptia 193, 6. 2. aliquod 155, 2. aliquo 113, 7.

aemulum202, 1. aliquot 202, 6. 212, 7. 221, 6.

1111197, 7 (08, 2). 1111111114. alium 110, 6. 198, 5.

11111632. alius 116, 2. 163, 3. 174, 4. 189,

1111111619. 31 7. 208, 8. 1111 115, 1. 202,

aequus 116, 1. aequa 170, 4. 11. aliud 120, 8. 169,1;5. 185,

111 161, 6. adra 1111111110. 5. 111111110,3. 1111 168, 3.

11111111 143, 5. 1111194, 6.

1111111200, 5. (111) alantur 142, 3. aluit 141, 6.

11111 137, 1. altus 119, 3.

aerinas 211, 4. 1111 141, 1. 149, 1. 162, 9.

11111111 145, 10. 111111 reas 111. 11111111214,6;

218 174, 2. 1111210, 7· 8. alterum 102, 83 4. 144, 5.

aestuantia 146, 9. 160, 6. 177, 9; 10. 228, 3.

1111113311. (11111)1111114,131 139, 9ς 10.

aetatula 117, 4. 192, 3. 1111111108, 1. 1111234,4.

aethere 118, 3. 111111111210, 6. 1111101111 117, 2.

nouitatis 229, 5. alumna 131, 6. alumni 211, 9.

111111111111203, 7. aluum 104, 1. 201, 4.

alliciens 134, 2. ambiguo 208, 3.

1111111113. umbiuio 161, 1.

Ρ1111111111111111111 186, 2. ambos 130, 5.

Agamemnona 237, 3. haedus 11 Ambracia 193, 4.

ἄγαν μηθέν 169, 4. ambrosia 198, 1.

1311118, 11. agri 238, 5. agro ambulare 227, 7. ambulans 166,
208, 1. *agrum 103, 6. agros 10. ambulando 114, 5. 227, 5.
197, 5. 1111111213, 9.

aggeres 119, 3. 11111111111117, 10.

agilipennis 218, 8. amiaulam 202, 7.

agitare 131, 6. agitantur 172, 3. 11111111148,2.

†agmen 169, 1. (1111111) amixit 153, 3.

agnoscere 190, 3. amissimus 110, 1.

ago 222, 3. agis 141, 10. agens 1111111197,6. 1111111513. amui-
154, 9. agere 182, 4. agendi um 189, 2. “
176, 2. 1111441. 182,2. aetum (1111)11111[97,4]. 147,1. 1111178,
103, 2. agat 146, 9. egimus 2. amantis 145, 9. amari 181, 4.
108, 5. 1111111167, 6. 1111111418, Amoris 134, 3.

11111111111111111222, 3. Διῗὲὲιὶοὶιίε 132, 4. Amphionem

1 183, 3. , .

ahenas 128, 4. amphitapa 160, 6.

 

