INDEX VERBORVM

00011 141, 6. 000101 100, 8. 168, 8.
100, 1. 001, 1. oeulis 100 0. 110,
· 0. 1101. 111, 0. 101, 1.

Odyssian Homeri 106, 4.

Oedipus 178, 8.

offendi 216, 8. offendit 164, 7. of·
tenderis 182, 7. offensus 113, 7.

0110010111 982.

(0100) 0101001 110, 7.

010001 287,1. 01001886. ,
011111 197, 6. 228, 2. 988. 211, 0
01101101 144, 4.

0110011 1287.

0110111112 0110011408
110000011001160, 8.

,Olympiae 101, 3.

01011111 124,7.

omnio 144, 8. omni 128, 71186, 7.

omnes 181, 6. 141, 6. 148, 6. 164,

’ 6. 109, 10. 210, 8 bie. 222, 2.

001010 94, 6. 107, 4. 1181. 166,

6. 176, 6 (19). 218, 6. 220, 4.

0101111100148, 1. 176, 18. 192, 4.
202, 8. 0111011(000.) 106, 2.

0100100 106, 2. 198, 8. 216, 8.

6000910000 179, 6. 11001 tripos
⁸ , .

000001 178, 6.

000100 194, 6. 0001110 120, 7.

00111010 177, 6.

00101000 128, 8. opinionem 131, 7.

oportere 196, 6. 0001101 139, 8.
068, 1. 166, 7. 176, 16. 176, 8.
21, 7.

0001110 204, 2.

0011001 186, 7.

001010 166, 2.

0011001010101 187,6.
0010010110,7.1119,8.
0001118112. 2086. 000’204,.4
0100101788 0100102083
01011488.

orbis 1288 0160012286
orbito 146, 3. ’

orchestra 288, 8

0100 200,.4

01101110 1'38,2

0111110Ι 192 4 oriuntur 191, 4. 0110

ornati 188, 8.
ornatu 199, 8.
01110010180010180, 1.
01 196, 4. 010 186, 3.

(01) 0100 202, 9. 0000 132, 7.
010110 166, 6.

297

ostendo 208, 8. ostenderet 161, 7.
ostendere 164, 8.
01100101 96, 6. ostentent 170, ff.
0011011888. 1986. 281,1. 01110010
011110010 183, 9.
0110101788
0116111010 121,1.
0011981.
01101214.
0011102082
20010101 164, 9.
Pacui 188, 6. Ραο11011101101168 1.
0011001689.
01000111 286,6.
000101781.
(00111111) 0010 188, 4.
palatum 281, 2.
ΡοΙο1 219, 4.
Ρ111101111189,9,
palpebrae 184, 4.
001111011002009.10151 0111-
1111102.
0011001988 0011000191, 1.
0011110111 180, 4.
0010111010 161, 1.
0010111601 219, 1.
000001010οο 2381.
00001000, 222, 6.
1101102184
000111986. 0000101946
0001801081.
1100111086.
(00001111 20810. 00110 166, 5.
00100 217,1.
011001 168, 7.
parentem 168, 9.
(pzzg'o)l 00101111 220, 1. 001010
0011010 227, 7. 00110101226, 3.’
(00110) 0010101146, 7. 001010 143,
8. 281, 6. 0000111 9811 2888
pariter 2089.
0110111086.
(0010) 01101010 189, 6. 00101010
009, 7ἲ 001010 281, 4. 00100110
0111001101 218, 6.
0011 94, 3. 00110 163, 10. portibus
191,1. 001110 (000. ) 182, 6. 228, 6.
particulatim 88, 8.

, purtim 188, 8.

(portur) 01111011 102, 2. portum
1097. 0111101082,

peronius 146, 8.

0111101664 0010010109, 1. 00100
146, 4. 01101111001184,6.

 

