*lNllEll 7838011711

1168168 163, 11. 231, 4.

1161116 177, 4.

1161861164,3.

libri 122, 6. 1161661 168, 4.

Libyssa 141, 9.

11681 173, 9. 223, 7. 232, 3.

Liciniam legem 108, 6. ’

ligaia'109, 8. “

ligna 173, 2.

1161668, 118, 1. ,

limina 138, 7. 236, 4.

limites 159, 6.

111668 163, 5.

lingulauaa 187, 6.

1168616 188, 3.

(linquo) 1111611222, 2.

liquenti 151, 8.

liquida 132, 7. 208, 7.

liquor 102, 2.

1136666616 226, 3.

1116161324.111618106,1.116,3.

(litterae 199, 7.) litteras 144, 2.
223, 4. 11118116 169. 6. 221, 7.

16661202, 7.

1666817614. 1666 130,9. 166661
134, 2. 216, 2. 1666 101, 6.

longum 199, 8.

16636116 234, 12.

loquaces 176, 16.

loquebantur 169, 9.

1616 161, 2.

16168 189, 8.

16681223, 7.

166861168 213, Ι7.

lubidinis 172, 1. ·

1668166 144,3.166816861 160, 4.

Luciliuscf. 108 4 138, 6. 219,6.220,4.

Lucrinam 216, 10.

16611103,1.

16666161166816237,1. ·

’ 1666618666144,.4
· 166661 198, 6. 219, 6.

16668 173, 6.

ludera 117, 6. 207, 2. 1681 230, 3.
(ludos 117, 4.)

1661611061.

1661681466. 164,7. 1616166219, 2.
1666162, 1. 16668 118, 3. 146, 5.
Luna 199, 8.

(luo) 16818 120, 4.

1611616211, 8.

1616618126,1. “

168616168 101, 2.

lusum 154, 2.

161661 120, 4.

luteum 170, 6. 16186 129, 3, 4.
1116 111,1’1(61.6611116)11811

61

(161) 166861 126, 3. 1668 134, 2.
1661 61616 108, 6. 163, 7, 221, 9.
luxu 168, 10.

Ly (166 118, 14

. lympham 206, 5. lymphon 110, 2.

lyram 179, 3.

hinne 179, 6. 229, 2.

macelli108,3. macellum 103, 7.

6866168681208, 6.

machinis ’180, 8.

1116616168 93, 3.

6686661816 226, 4.

lax 6188616 163, 7.

1668186118 181, 7.

1688811 162, 9. -

magi4154, 1. 177, 2. 222, 4 224, 6.

magister 154, 2 magistro 23810.

magistratum 187, 2.

magnu' 166,7. maganutus, 1.
143, 4. magna 94, 3. 108, 4.
231, l. magnas 108, 4. magnis
227, 6.

1681618 146, 4. 166161861 163, 9.
16816188 96, 2, maiorum 218, 4.

maledicere 168, 3.

(malo) 166116 206, 4.

malit 167, 1. malim 143, 2. 1661·
1861 171, 6.

6611166187, 8. .

· 6161616137,6. 16611 183, 2. 16616

165, 2.
malum 145, 1.
1681661661 229, 7.
mundanum 108, 4.
16668 108, 6. 168, 7.
maneant 122, 6.
6186188 212, 6.

J 61661681687. Μ661107, 1, 1118-

6166 061166 140, 5.
mansuem 180, 11.

, 16868661 146, 7.

manus 101, 2. mannis 200, 6. 1116-
6661 202, 2. 161611 96, 4. 196, 8.
221, 3. 16661668 140, 2, 173, 4.

1111111166, 4. 186, s. 618, 1.

16618 168, 6. 211, 6. 16611 144, 7.

margarita 186, 6. margaritarum

mireg‘irit'iuandioantia 119, 2.

maritimas 148, 8.

maritus 140, 1.

1116116618 186, 1.

Mars 39, 6. Μ81118 137, 3.

11361110211171 61886611 136, 3.
masculum 182, 8

 

