304

{llllll'ofllsl' 1111 (111, 1).

11100110 126, 1. simulatque 134, 6.

simulacrum 180, 9. simulacra
234, 3. -

simules 231, 5.

simultatem 157, 9.

sin 166, 4.
1100 105, 4. 176, 4. 177, 5. 202,9
ter. 220, 5. 223, 3. 239, 12011.
singulum 177, 7. 197, 4. singulae
191, 1. singulos 150, 1.

(1100) 11011117,1. siuit 165, 9.

1110110 124,1.

11113331

sisymbrium 130, 7.

(11111) 1111 154, 0.

111001 135, 4.

societas 176, 9.

secius 107, 3.“ sociis 107, 3.

Socrates 120,1, 216, 6. 80011111
96, 7.

101 179, 5. 10111 126, 2. 1011 173, 9.

10111 104, 1. 1010011 181, 2. 101111
136,1. 1011111142, 5.

101111 149,11.

1011101210, 1.

sollicitos 223,1.

1011101101100220,5. -

(soluo) soluit 116, 4. 10100011140,
1. soluere 120, 4. solutum 103,3.

1010101112. ,

10101156, 1 ter. 189, 7. 220, 2.
solum 105, 2. 209, 2. 10012217,

10100111 127, 8.

somnium 121,1.

somnis 130, 7. 101000 201,6. 238,4.

1010001011 201, 5.

100101 180, 2.

1001101 132,4. sonitum 191,9 2107.

sordibus 176, 4.

sordida 135, 3. ,

. 10111001,237,1.

sparo 167, 5.
10111110 164, 5.
1000101 133, 6.
-10001101164, 1. spectemus 147, 9.
spectatoris 116, 6.
' 10000110134, 6.
speculatum 120, 5.
[1001 97, 4]. 1001 187, 3. 10001
. 131,1. 100103,1.10011011194,
4. 179, 9.
. spica 216, 9.
1010111 187,10.
spicum 155,1.
spinea 142, 5,

. 11101111 7138011111

10111001 198, 4. spissius 174, 7.

100110 106, 6.

1000011101 168, 7.

spurcissimum 131, 2.

100111 159, 1.

studio 222, 3.

statues 158,10.

statera 198, 8. ,

stelligeras 210, 6.

1111100101011001 118, 2.

sterneret 140, 6.

1101111 160, 8. , ’

11111 109, 6.

stimulatus 129,1.

11101111 107, 3.

1110111001 106, 7.

stirpis 201, 7.

(110) 1111 137, 3. 175, 11. stet 128,
8. 139, 2. 209, 4. 11101 135, 1,
1110111168,’1. sture 1011.

Stoici 165, 3. Stoicorum 222, 4. ’

11011 133, 8. 150, 3. stolum 130, 2.

1101001 (ι’. 0. istorum) 170, 3.

11110110178,1. ’

strabones 138, 6.

1111101604. 1111101 1501.

1111010011 226, 2. ·

1110000 223, 8. ,

strepis 125, 1. 11100001 188, 4.

strepitu 132, 3.

strigile 106, 9. ,

81100111 124, 7. ,

strophis 212, 5.

111001 157, 3.

studere 143, 4.

'studiosius 208,1.

stulte 217, 3. 1101101 109, 4.

1100161111100195,4. ¹

suadet 112,“4.

1010001 151, 10.

110 118,14. 143, 2. 168, 7.

10010101 212, 7.

1000011001 136, 6.

subducere 205, 4. subduxerant
162, 2. 1001100111 135, 9.

1101011101 216, 2.

100110 180,10.

1001001001101 139, 2.

sublimis 94, 4.

1000110011 183, 8.

100101111170, 17.

10011110 207,·3. 100111101111 223,
8. 1110111101 1466.

10010 145, 4.

sudo 151, 9.

1016011001 99, 7.

1111111110 210, 9. sufflatus 96, 7.

 

