leEX 1663011111

111311 201, 8. 1113111 126, 4, 136, 6.
111111111111236, 7.
(6116611111 124. 7. 134, 4,
fros 189, 8.
fructu 146, 6. 11111111 166, 2 bie.
225, 7.

frugibus 169, 7.
frumen 164, 7.
’, fruticibus 173, 6.

1131106, 6. 221, 6. fugai 198, 3.

'² - fugies 111, 1.

lugani 148, 3.

fulget 196, 9. 1113111 137, 6. lul-
3111111311.

11131111196, 9.

11111 223,1. ,

fulmen 108, 2. 234, 2. fulminis
162, 8. fulmine 196, 9.

1111111111 239, 7. ¹

11111168, 1. funere 166, 6.

1111111111111 186, 1.

Furiarum 131, 6. Furiis 134, 7.

furiosi 129, 4.

(1111) lur'entem 128, 1.

(11111) iurando 129, 1.

31611111 99, 7.

3111111361.

311111111132, 3. 31111111611133,4.

Galli 111, 9.

gallina 93, 1.

gallinaceus 179, 2.

3111111864. 311111 179, 2. 31111
132, 6. 180, 10. gallorum 132,
1. gallum (31111.) 133, 3.

ganeum 213, 9.

ganeones 171, 3.

gangrena 196, 6.

31111111 198, 1.

gaudet 171, 8.

3111 214, 2.

.31111111 119, 1.

gemmis 134, 1:

yanabiruadv 232, 4.

gene 292, 3. gentem 201, 7.

genunt 101, 6.

genus 144, 6. 176, 22. 228, 3. 31-
1111966. 311111237, 6.

31111 107, 3. 31111134, 1.

3166111 134, 3.

313111111229, 2.

31111 183, 6.

311611 216, 6.

31111 193, 7.

gradiuntur 172, 2,

31161168, 8. gradum 203, 8.

311111 106, 6. 199, 3. '

Graecia 170, l. 180, 2.

illene, Varronis 6111111.

289

Graeci 228, 4. Graeco 190, 1.
Graecia 186, 3.

311111 172, 4. “

3111111111 172, 2.

31111111142, 1.
3111111611 147, 6.

. grandine 234, 6.

Gratiarum 176, 6.
1111111 98, 7. ·
6311111) 3111111204, 6. graui 137,
4. granea 142, 3. 238, 0.
(3111)3113111 lena. greges 142, 3.
31111 193, 3.
3111111193, 3.
gubernans 179, 9.
3111 171, 8. 31111 108, 4.
gustare 124, 3. 131, 2.
311111 164, 6.
yion 224, 6.
61611111336. 161, 8.

habeo 131, 1. 61611 120, 3. 227, -

2611. 61611 138, 7. 147,1. 203,
6. 222, 6. 236, 6. 616111 191,’
4. 227, 7. 616111166, 11. 61-
61111 138,’4. 6161611149,4.

' 61616111216, 1. 6161111140,

6. 202, 2. 61611111 196, 1. 111-
6111111 160,1. babuisse 209, 2.
212, 4. 616111 169, 2. habere
112, 3. 11310611. 167,1. 209, 2; 3.

habitabant 226, 10.

6111111111 148, 6.

haedus 193. 3.

6111116228, 6. haeresim 127, 6.

611111111111 107, 7.

Η111161111 148, 3. Hannibale
194,19. -

61112032..

harenosos 197, 6.

61116111 168, 6.

61111131 179, 4.

6111111161119,6.61111111611120,3.

1111111262.

6111111193, 6. 231, 1.

1111111237.

Η1111111111Ρ1111111 114, 4. Η1-
raclideru Ρ1111111206, 7.

Herculea 99, 6. 107, 6. 233, 6.
Η1111111113, 8. 127, 3. 204, 2.

611111238, 7.

heredibus 199, 1.

611111 106, 2.

Ι13111161111206, 1.
esperldum 167, 2.

6111111 163, 7 bis.

31111 Η1611111 193, 7.

hibernia 128, 2.

19

 

