nr. mnan 66666666

quae in hae saturarum recensione leguntur.

a 102, 3; 4. 113, 7. 116, 7. 134, 6,
142, 6. 144,1. 166, 8. 174, 6.
191, 5. 196, 9. 199, 3ς 4. 227, 7.
66 102, 6. 138, 2. 146, 6. 162,
4. 165,1. 172, 3; 6. 186, 3. 191,
3. 134,13. 199, 3. 211, 7. 236,2.
6661487.

666666166 96, 2.

abietem 189, 7.

666116 160, 7.

6666161116 99, 8. absolutum 175,13.

6661611666 204, 4.

66 94, 6. 101, 6. 103, 4. 110, 6.
119, 5. 120, 8. 125,1. 127, 3.
129,1. 133, 3. 139, 7; 9. 143, 4.
146, 6. 166, 6. 168, 11. 163, 3.
170, 9. 172, 4. 177, 4. 181, 7.
186, 2616. 191, 4. 192, 23 4.
196, 11, 198, 6. 203, 2. 206, 3.
212, 6. 213, 9. 219, 6, 220, 4; 6.
229, 7. 231, 4. simulac 126, 1.

6666611136,6, 236, 5. accedunt
160, 2. accedebat 134, 4.

acceptat 118, 4.

66616666 189, 10.

Accio 229, 3.

accipit 236,1. a'ccepit 237, 4, 66·
ceptum 160, 6. ·

accipiter 165, 7.

666111218, 3. 223, 8.

. accubitum 223, 8.

66666666 218, l.

accusator 187, 4.

acer138, 2, 213, 2. 666696, 6.
acrem 147, 3. 6661214, 2. 66616

. 190, 6. 214, 9,

acerbae 35, 3.

aceruatim 111, 9,Ι

aceruos 174, 10.

66611214, 9.

Ἀχιλλέως 181, 8.

66166 174, 9.

661616 224, 1.

cercesi 223, 6.

Actaeon 220, 8.

ad 102, 7. 112,1. 114, 3. 121, 6.
122, 3. 123, 2. 124, 4. 127,-3.
134, 4, 135, 6. 138, 2. 147, 3.
160, 7. 151, 10. 164, 3; 6. 166,
aba. 167, 6. 169, 8; 33 11. 165,
9. 166, 1. 168, 1. 169, 8. 172,1.
176,1. 174, 6. 180, 3. 182, 8.
187, 2616. 135, 6. 196, 1. 204, 2.
206, 7. 212, 8. 219, 2. 220, 6.
224, 3. 227, 23 3, 228, 3. 232,
23 3. 233, 10. 236, 33 4.

addam 139,1. addamus 177, 9.
6666 124,1. 167, 2. 666116109,
4. adderem 217, 9.

adduxerit 100, 1. 66666166138,2“.

6166618611.

adfatur 201, 6.

661661-168,7. 6116111 180, 1. 66-
1616611322. 206, 7.

adhuc 230, 4.

adiaphoron 133, 4.

6616661 219, 6.

adligatum 189, 4.

adminicularem 120, 8.

administrant 167, 4. administret
163, 6.

admirantes 154, 7.

admitteres 218, 7.

admouere 210, 3.

adnuisset 135, 11.

Adon 228, 1.

Adriam 199, 8.

adsum 179, l. adest 133, 4. 217, 6.
(240, 10.) adeste 144,1.

adsumas 232, 3.

 

